"Product SKU"
"0850394"
"0850080"
""
"0850042"
"0850043"
"0850588"
"0850583"
"0850249"
"0850580"
"0850579"
"0850246"
"0850572"
"0850240"
"0850576"
"0850567"
"0850235"
"0850566"
"0850234"
"0850565"
"0850233"
"0850560"
"0850228"
"0850564"
"0850232"
"0850563"
"0850231"
"0850562"
"0850230"
"0850561"
"0850229"
"0850558"
"0850226"
""
"0850227"
"0850225"
"0850553"
"0850221"
"0850552"
"0850220"
"0850550"
"0850218"
"0850549"
"0850217"
"0850548"
"0850216"
"0850545"
"0850213"
"0850543"
"0850211"
"0850540"
"0850208"
"0850542"
"0850210"
"0850541"
"0850209"
"0850252"
"0850539"
"0850538"
"0850206"
"0850207"
"0850536"
"0850531"
"0850199"
"0850533"
"0850201"
"0850529"
"0850197"
"0850522"
"0850525"
"0850194"
"0850524"
"0850193"
"0850521"
"0850518"
"0850187"
"0850520"
"0850519"
"0850188"
"0850517"
"0850447"
"0850119"
"0850184"
"0850515"
"0850183"
"0850514"
"0850182"
"0850511"
"0850180"
"0850179"
"0850509"
"0850177"
"0850510"
"0850178"
"0850508"
"0850176"
"0850507"
"0850175"
"0850504"
"0850172"
"0850503"
"0850171"
"0850502"
"0850170"
"0850498"
"0850497"
"0850165"
"0850500"
"0850168"
"0850501"
"0850499"
"0850167"
"0850496"
"0850163"
"0850160"
"0850493"
"0850492"
"0850159"
"0850481"
"0850149"
"0850491"
"0850158"
"0850632"
"0850488"
"0850155"
"0850487"
"0850154"
"0850486"
"0850153"
"0850485"
"0850152"
"0850484"
"0850151"
"0850483"
"0850150"
"0850480"
"0850477"
"0850143"
"0850144"
"0850473"
"0850452"
"0850454"
"0850453"
"0850121"
"0850123"
"0850122"
"0850455"
"0850124"
"0850456"
"0850125"
"0850471"
"0850139"
"0850468"
"0850136"
"0850464"
"0850132"
"0850462"
"0850130"
"0850463"
"0850131"
"0850460"
"0850129"
"0850450"
"0850120"
"0850630"
"0850449"
"0850118"
"0850444"
"0850116"
"0850443"
"0850442"
"0850115"
"0850430"
"0850111"
"0850440"
"0850441"
"0850438"
"0850433"
"0850437"
"0850434"
"0850432"
"0850435"
"0850428"
"0850110"
"0850425"
"0850107"
"0850629"
"0850424"
"0850106"
"0850628"
"0850421"
"0850625"
"0850417"
"0850413"
"0850099"
"0850624"
"0850412"
"0850098"
"0850390"
"0850075"
"0850092"
"0850623"
"0850406"
"0850407"
"0850093"
""
"0850622"
"0850399"
"0850085"
"0850614"
"0850375"
"0850389"
"0850074"
"0850387"
"0850072"
"0850619"
"0850386"
"0850071"
"0850384"
"0850068"
"0850617"
"0850381"
"0850066"
"0850383"
"0850067"
"0850613"
"0850372"
"0850371"
"0850059"
"0850610"
"0850365"
"0850609"
"0850364"
"0850361"
"0850054"
"0850605"
"0850357"
"0850602"
"0850354"
"0850601"
"0850353"
"0850053"
"0850600"
"0850352"
"0850052"
"0850349"
"0850050"
"0850405"
"0850091"
"0850419"
"0850103"
"0850348"
"0850049"
"0850598"
"0850347"
"0850048"
"0850627"
"0850420"
"0850104"
"0850404"
"0850090"
"0850373"
"0850061"
"0850392"
"0850077"
"0850396"
"0850082"
"0850368"
"0850056"
""
"0850346"
"0850047"
""
"0850336"
"0850040"
"0850330"
"0850036"
"0850329"
"0850035"
"0850326"
"0850031"
"0850315"
"0850023"
"0850320"
"0850028"
"0850318"
"0850026"
"0850618"
"0850382"
"0850332"
"0850037"
"0850310"
"0850020"
"0850305"
"0850018"
"0850306"
"0850019"
"0850294"
"0850010"
"0850295"
"0850595"
"0850594"
"0850292"
"0850009"
"0850287"
"0850007"
"0850284"
"0850006"
""
"0850005"
"0850591"
"0850276"
"0850255"
"0850003"
"0850253"
"0850001"
"0850593"
"0850291"
"0850002"
"0850258"
"0850004"
"0850267"
""
"0850277"
"0850263"
""
""
""
""
""
""
""
""
""
""
""
""
""
""
""
""
""
""
""
""
""
""
""
""
""
""
""
""
""
""
""
""
""
""
""
""
""
""
""
""
""
""
""
""
""
""
""
""
""
""
""
""
""
""
""
""
""
""
""
""
""
""
""
""
""
""
""
""
""
""
"0850345"
""
"0850335"
""
""
""
""
""
""
""
""
""
""
""
""
""
""
""
""
""
""
""
""
""
""
""
""
""
""
""
""
""
"0850316"
""
""
""
""
""
""
""
""
"0103144"
""
""
""
""
""
""
""
""
""
""
""
""
""
""
""
""
""
""
""
""
""
""
""
""
""
""
""
""
""
""
""
""
""
""
""
""
""
""
""
""
""
""
"0850301"
"0850015"
"0850016"
""
""
""
""
"0850286"
"010425"
"0850282"
""
""
""
"0850273"
"0850270"
"0850268"
""
""
""
""
""
""
""
""
""
""
""
""
""
"0850590"